[intrinsic_alignment_parameters]
a = -6.0   0.815344   6.0
alpha = -5. 0. 5.
z0 = 0.62

[nofz_shifts]
uncorr_bias_1 = -5.0   0.129607   5.0
uncorr_bias_2 = -5.0   0.76278   5.0
uncorr_bias_3 = -5.0   -1.82026   5.0
uncorr_bias_4 = -5.0   -1.39071   5.0
uncorr_bias_5 = -5.0   1.34112   5.0

[c_systematic]
c0 = -1.2e-3   5.69658e-06   1.2e-3
